a<-5
b<-7

a>b
a<b
a<=b
a==5
b!=7
b==8

x<-c(45,612,7)
y<-c(4,12,78)

x<y
x>y
x+y
x-y

x[0]
x[1]
x[3]
z<-y[2]
z

x[1:3]
x[1:5]
x[1:5]

#- to eliminate that values
y[-3]
#select particular value in vector
x[c(1,2,3)]


#MY

x1 = c(31,32,23,14,55,46,27,18,19,10,11,12,13)
x2 = c(21,22,23,24,25,26,27,28,29,10,11,12,13)

x=x1
y=x2
x<y
x>y
x+y
x-y

x[0]
x[1]
x[3]
z<-y[2]
z

x[1:3]
x[1:5]
x[1:5]
#- to eliminate that values
y[-3]
#select particular value in vector
x[c(1,2,3)]
